RMSE=[0.24569183708507872, 0.29883612566815115, 0.26506358087917276, 0.265646253361669, 0.28312418241855947, 0.2818370527203267, 0.2931256677034196, 0.268498241817037, 0.28316722425965346, 0.2955519706441626, 0.2694855263220797, 0.2987624705750676, 0.26382135080263613, 0.2989140513480447, 0.29912166351773567, 0.2993567574412717, 0.2690503414368899, 0.26804793082582495, 0.27884152585686556, 0.26967889922513627, 0.2981262225864332, 0.2981136472472969, 0.26674347667403786, 0.26554762341575266, 0.29673429300417026]
MAE=[0.18348955687241925, 0.25348427907065735, 0.20101618169737, 0.20117136905350588, 0.23282621353944796, 0.23070809721252927, 0.24658921570086814, 0.20827500766287022, 0.22156321228719228, 0.24768879412061684, 0.20723133405377261, 0.2535227008803648, 0.20007595848193566, 0.25369591137643666, 0.25377305300810826, 0.2538616445850532, 0.20864995124663027, 0.2153029058233895, 0.2253244816439796, 0.20623582709625965, 0.2527722627529197, 0.2523513497081082, 0.20165637187972862, 0.20138407741481104, 0.2509707841391005]
MAPE=[1.726089990506287, 1.7093658719808387, 1.2233627895554162, 1.4893976076453195, 1.2394507494846287, 1.2016333046127905, 1.543206235777817, 1.093375242258244, 1.2161494710871898, 1.6380194871382225, 1.0736688623284285, 1.7046417548871262, 1.2928781800301519, 1.7087284168079813, 1.7192579418173681, 1.7274259483267733, 1.075641779940518, 1.259454969877485, 1.1099285920820867, 1.0822504992327566, 1.684533349703202, 1.6952890839060666, 1.1717348261957599, 1.203420100507057, 1.6497675065310966]

